46120334
18833635
41047109
101044702
104284203
41473961
94046104
123399550
45117213
43727300
43269349
111116564
40415650
113800196
107047911
45338119
42890347
44756156
45119727
119387715
91243909
119711844
90400861
92421165
42936132
44530984
125138048
45316886
41535261
42968971
90977933
92087658
43077934
41208258
90487798
111536778
120914319
98668004
96537079
43111974
44968662
92205316
120891522
106149128
45828983
90057416
46322557
44192880
90131421
95596502
42435404
42236662
91267550
44080944
44565609
91094246
96865506
42374653
129697414
90420066
120511706
40436671
19307837
132042811
41380077
1460312
40681025
116530081
44371493
90110334
43715865
40051256
42517030
42410606
134680177
91369520
18690098
43027732
118904909
99724799
41239410
93455336
103082300
92230904
91731691
106683617
43757695
42393731
119804346
41287737
116500602
107886683
40179015
113602421
45928205
92773889
44682805
90787365
18174539
40550635
101661664
100590660
43435334
44729015
18370743
131482195
45741630
40513372
44681615
43629620
124876015
40888518
101082822
91042425
91764967
120128436
43074198
131515344
18928607
137188901
45346008
101375800
125336734
90429199
45727571
44970840
6859580
44150035
105221221
91871031
45706828
41975716
120038025
105229636
44424666
43413587
44851715
45314727
109498516
19472640
124790711
110444360
43192723
102294805
44656094
42811791
41493771
45505129
120986830
91392796
90079437
41979469
92216774
106077
43804710
17328534
90797187
390188
97582291
91115502
110504000
126005117
42574347
16786707
42672791
94742322
91481834
96479913
129188511
98771963
40236885
45832421
92172377
99470403
116903710
41462811
95164727
44477589
41448117
45819958
111504711
95869635
94560507
98452037
91946102
100003189
97375237
92190117
93716545
42901474
91562948
101076420
108144107
44888717
98554113
93408702
92223853
92050574
90876714
19053977
45831353
103191117
92691190
99320224
91567607
92386991
100619004
45931045
95782626
96278811
44696724
99930216
95311670
46240651
108986717
46410823
44899577
92099234
92268201
110513692
92564205
91232280
90448049
44250007
90076625
93917653
92075872
92047462
97792681
90443211
90524401
90130691
93472035
42935275
44560119
43981639
107581974
90537554
92745341
91345364
96874505
90919631
111699703
97028896
46305944
91390928
101694435
91558880
109715679
93114692
44489602
93398096
91662268
46119245
91979883
96231581
91231204
96981029
108911511
95367331
92187826
99023005
90523790
91411690
107111767
100578140
43377090
94929816
95285511
44664073
42616117
44655248
91602403
93663284
96255450
92397548
93611544
101172517
98452005
44576406
42844139
91395944
94230642
43065302
96317303
92325331
44689888
90847873
105927733
91984717
93488912
45931035
93421941
99712165
106449930
44857677
106793319
99830907
94805065
101822741
44752273
95760336
91927123
91002572
104480849
110312784
45337017
45611824
43212907
44691324
45427630
45926597
44430601
115586330
90054816
103601916
102334101
100688710
43435610
107085931
90633989
46125935
97313035
101342512
91388707
108793859
98628313
44895594
97681212
104223055
107047919
93645124
93171005
114088050
110145716
43961015
90305500
91475376
44877422
90736905
97503126
109948302
93330233
44563822
43801186
94561719
114895919
44960312
46227240
46124475
103029009
92325998
44654189
91420760
43214828
92524907
43472711
43124238
91502306
90482909
90866890
106295435
98451954
111588544
99119404
96751332
44059598
42583594
107094015
94044654
91733957
94552912
45426560
109215929
99609907
46132933
98883546
99101025
90945937
91946557
92068437
96419065
99610016
44960701
43897513
98832603
91794782
92568600
102475608
46235330
91757424
90523634
90783670
43176943
102921723
91708286
95285213
92197085
91418950
103645910
97947614
100184331
92010772
100121155
44162145
110149463
99886216
102122351
92050156
42846945
102228072
90831182
93274928
109943788
92963859
44653937
91690698
44084034
101354758
90427573
111478406
46307684
91614646
45301084
111302916
90758106
99307403
96296137
108532286
44585377
99225719
109392418
44566461
92253035
105443592
93908642
46122066
91326833
97819348
99555702
91174009
44854705
96874868
45923257
46235319
90799725
91508420
91745546
112293235
42584888
97874411
95907817
91928653
93446116
95685005
91563401
93093615
46000256
93893135
93259285
115782608
104714085
45931178
92596380
44874181
44759129
44889104
91316063
90739185
96380517
109347830
97031200
44890205
46239468
119082344
43971831
95299600
91830795
91685241
104177128
43855083
91214491
44792105
44866011
95840270
43091909
91051733
92754418
97683975
100976647
93447615
90885922
108332505
46015042
90370600
112491242
99653870
93427601
98984104
94222922
96640121
100180320
96220940
44397134
44187878
92855828
102380947
92328451
107877938
90055712
43709113
91482845
90744863
95306705
91140634
90434476
96917038
95911628
102884129
95782603
90654566
93716939
93922056
90362634
46414288
91399902
118989839
110228343
102212326
44884385
45443635
94083488
90164325
90913613
90945313
90445218
91358739
90342266
109482006
43217409
91027473
99910881
93233712
90370485
96951582
90051346
108097929
92323249
98885058
42841076
91986937
92316816
92069623
109289204
98833319
99261608
91705752
43412775
90774121
46333413
96296397
93504063
91970144
105923877
42845252
107898627
46137650
92550362
90920380
108799420
43126263
93014338
45943060
90962559
104311433
90720613
93192168
105931352
99028435
105694444
43971575
104297506
45129493
92071012
103397513
43164621
98818190
90057051
44969568
97151025
99711232
44116808
109833792
43398110
90725964
93383053
91626856
43296477
44567135
94578519
109406117
96663814
91768987
100536620
91553286
104439017
91992334
43660742
99774945
44770701
93588719
106309129
90077501
91719288
41162976
98700980
91620720
90593861
46136805
91077066
107217951
91415526
90643685
93609592
44653664
45830595
44683723
93449627
94241911
100009712
44753062
112093215
106637957
91811157
90066148
91517155
115583724
100100911
98257330
94760600
90697079
90189664
109548879
90077165
46109804
46240549
92231346
95703705
91813297
108746800
96347241
103613867
97878335
90474037
101648009
90285167
99024812
92938060
44955433
91824490
91734480
90317709
96979816
95683506
91109186
45828386
44377048
46042769
92172347
90239214
90157435
90904589
91273633
92944693
99580476
92092284
109535148
96948907
109636901
93795179
100768428
90130954
91358247
42997035
109805390
104304913
100271215
91812954
42922693
92721344
91911409
91438810
110177113
91258406
90130577
44154818
44585874
92683319
92721812
91067360
109116216
96572469
98348304
108475014
104222383
96423838
45913151
45216324
94743563
91503499
109822221
96998636
91652445
90137389
92735318
44863706
94733649
92647786
100048300
90885047
46029631
45824793
96086300
92153593
94012423
99084156
101433359
98009013
43380535
92692309
90725208
112488406
45931233
91228625
96747004
99724463
44453266
91168332
42851811
98445129
100937430
116093181
95250779
92451206
100653343
90155357
44883061
105888500
110390016
92348957
91498456
96065818
90343433
43472260
91568828
90953607
92492435
108441903
95308410
90403257
90603620
96286210
94822942
92152145
42844152
91948625
94762020
90073142
45941428
103840506
42136173
97486213
43354767
45940249
92013526
90096380
92427231
46325305
46146397
44567160
101356502
90795333
46136239
93193746
91411316
91154707
46341361
90435833
90552303
102416015
90146983
93463376
90745351
100108317
44579983
91501875
43905238
92201132
93788470
45948571
91562349
99055325
91963450
100852022
18886020
91453583
93888831
90149494
45116439
90073307
94738149
91303526
45733539
46118821
43680596
97314017
97353508
45200608
46211089
90984182
45909807
95400604
100421844
42323579
93593669
99424944
91067799
91906127
99858329
93964471
91705302
111303247
92674846
44467610
113783826
94252707
94821142
97521604
46330512
103912809
91733077
99696824
94267742
97424300
108829749
90754762
93508509
44953394
91016308
90066282
96940031
92029649
91522976
105449713
103292531
92646428
103488142
91657682
44654978
91611001
91191053
96998325
109195416
90982818
91359575
46125524
92678716
46335294
108527428
97427020
92052151
45937494
95034378
42919914
98692807
96204160
44418825
90792053
91771202
99609900
96289022
90476366
44593506
91010688
99385076
44489355
110815900
97911121
46032286
44876278
91553427
90252203
101849677
92700535
98216510
42852003
96998645
44356418
92900147
45915006
91460294
91319702
110327602
93205860
93463044
92187521
43662502
41513488
118907505
45329617
18861959
41972019
41224302
91514598
109508045
18812723
91271220
44912505
43335610
100416616
97149001
44843016
44682897
40395946
92207079
46240851
43966301
136504803
95697789
45737937
96481105
16270568
19250922
90279875
90065170
91677412
41491896
91139055
44550130
43758997
42984384
114305760
19387920
125816913
92346019
44553034
41973594
44553913
40023124
97283529
40752081
46236847
40296423
44476876
142725457
41777007
91478676
44422829
92153781
96696943
41405620
106109438
40007684
43816612
43093592
16188217
1934823
10308726
14444129
93409579
45506757
44955609
46239657
91749904
42596133
43859332
90073120
40439441
101328728
99308629
116244628
90138783
13679234
43378789
43070326
90059392
45431388
100852410
45730400
123134961
40857989
44284707
128789912
121905402
45338331
46131707
117900815
96874545
46027808
91596898
94184901
43380920
41210954
45328462
128027057
44012223
95635694
108381715
116607849
108807017
93460414
44764460
99003718
126237420
43958830
91240237
40426942
43037181
93045069
44712227
90789948
19289963
126378607
120918433
111929126
96874695
42857056
46005709
100003642
97532741
91062536
45711846
99897910
44243911
111326441
129404288
44839264
41555236
40425876
99367008
102826891
130275521
42134062
44299558
45337461
119783719
108335200
91971706
91481978
46324437
42905212
91317864
92689109
46306203
93408747
40294307
42424146
44029813
97852317
44498810
90963260
991719
45927261
18535343
92677722
90932999
92314405
6645750
45446911
44958943
19349911
90102448
91261969
42583946
44977387
90149851
105308546
41462711
121592145
137310578
116088018
16339428
42897242
99491909
42933905
41380323
126926734
104591409
42426237
43503602
110723055
99579889
91766086
44466927
109214320
19451880
45204285
44254818
43170873
91640504
93114117
125683006
44844798
17120260
118516407
91210887
40362709
95561729
92268958
42899409
41910167
92019975
91727712
91036168
128244970
19083721
43522434
121544509
84364
43388434
90595635
41263836
117538910
104836228
92731091
123449522
18938611
45209067
14839190
107214717
101203828
113735713
526807
44085134
43296710
112524061
41489758
41261249
43414619
44652386
43377997
43791092
44567702
1220357
41117421
100761905
110307128
42288383
19442253
125789049
45444160
126007912
106204622
40526960
98167645
42211038
127118426
40920528
40847038
43290627
108943819
99208746
41153504
104040513
42271358
41594739
126304805
106424219
114508095
14725109
104444816
107721810
126484814
92935518
40555379
43055383
98729580
137532331
43376588
99592130
46012018
120830808
123418605
94031040
19071544
511374
45345963
45721814
41493557
43039138
140083323
41261897
120986730
43054416
91278108
44763275
91827808
120986545
43413392
110431521
42565230
92265468
100977457
43542928
116743671
90242545
96302104
90653276
125096651
42281320
108179915
92722747
100193573
19053643
91375610
105113826
90065047
46129691
97797104
42842563
43075541
44300046
90243559
91983839
106515146
104145830
43844554
19254836
95688011
40892641
46407402
90870385
41132800
44065525
44731368
41165152
44368222
45211163
125579961
44958693
42405109
106833005
97582090
91905819
99910387
40441574
18564828
15195876
99868321
42192187
44528318
45230342
44654804
130428214
43737462
19400852
111706166
44366532
95950550
91662711
41165977
99681785
98552145
90617481
109482402
106399020
98959826
100668221
94310963
93437454
46326025
90087014
17159366
92670725
46314722
44475650
90059223
91244817
44071888
93407700
99590820
46346902
46006472
105124513
46029013
98538873
93051654
92014813
91730486
91470652
98124144
92326937
98978743
96010010
100181712
109496314
45648107
103287926
111120021
91512025
44217416
44954848
105695738
108798927
90281710
92470681
91724468
46131106
94107996
117199021
97920819
44980339
90104929
97830346
96197013
109581507
44554388
44844860
93827910
99663710
42859829
96111975
98314442
46237820
90766736
91141609
92196746
99084811
99916705
92168127
44691896
44769756
96452845
109645179
91952636
104702911
97407767
44642748
90181867
46417001
97358537
93717443
93004263
91961907
91167460
91706752
97278378
46036727
99524807
46241214
92168577
99716136
46226611
91339872
96915105
110176202
44869043
90557165
42899606
94602328
97411633
92237325
99116806
44562620
95462309
116493203
92234891
45715284
100473328
91803115
45913799
90179691
92909106
44889190
94325526
90276279
44560023
97003032
91993304
99104978
44851641
105187625
91229522
95551703
44562277
100653391
44498918
109290206
90352868
91984382
90066667
91021324
94702905
97825415
90865901
100832301
91967945
91754147
42996313
93580746
90323186
45500034
91660961
44398866
97411547
44527188
96980934
100561213
113498800
98918220
98322578
44968914
44422539
97861037
18144380
94022611
101648330
97771093
92341767
44769676
91561034
98751702
91528674
93977610
46027584
42584494
100832815
92808302
43854528
46332921
101246007
93874937
92772445
103699221
43627538
44953667
108640302
95599804
91790876
90073405
92087670
93353501
96455153
90980547
46221005
91373540
99641911
98352907
91408944
97947712
91871592
109816024
95400473
90476250
110842612
44587336
96655829
95789650
93473201
91049921
105616330
107296710
43216191
90703572
91876009
44575115
91266373
90312893
42717545
92339623
95807122
93179411
97425810
99105078
91027621
90161154
46237816
94200530
91561751
91945140
91704334
92754720
91738531
93067360
46049915
103914726
91320165
99953239
100674788
110586433
94946307
97176406
91563609
45901061
100459730
108183734
99105121
93104331
91345313
93927012
45503458
92314803
91568600
102046129
91738481
109007457
95675004
99582913
99228483
99607612
90249793
99112604
92763102
91874262
90682124
91627244
91447645
92081248
109099507
110175403
92049713
46335222
44299934
46033500
97278908
90892612
90452208
46311446
43541268
44955090
44771288
103011642
103503644
42845665
91612153
92216117
93355345
90742857
105926958
92837155
104295703
91791338
100731049
99308038
44528442
96113954
100463452
118194673
91534488
90773019
90103265
92238297
99019324
91417107
91687288
101575273
107792408
90233221
43832826
96620925
90794515
107015941
98886106
103021476
96850027
91819136
101038312
93369844
93148619
45819382
103196004
98764547
46123461
46346639
91721764
98400836
102742405
99136628
91929893
91060362
90381231
46210405
46121338
103799606
96770872
90259109
97179863
42873935
90107682
91767930
90928257
43595608
104114101
98349322
91402857
91566439
101931510
46415883
93004903
99115646
98138936
45616630
105376620
97074030
90078311
95595100
99035757
98630218
92843258
45848808
99012039
91768335
94827559
97533057
92392532
92555917
101395644
94921025
96983619
90659533
91663014
46411872
44353290
91144237
92111309
90739328
46011926
102783644
44977679
92061054
91724527
93254512
104032204
44579066
101055242
90774084
93710235
45924668
92477961
109519317
97897256
91118974
90930551
99881012
91389610
108835503
105291812
93659657
100934334
103703802
45304000
93903009
91106851
109829069
98887011
98101246
92223350
90876542
90839804
93610057
98128714
93686005
98524539
104228511
91541280
105003618
99547042
95645365
100743754
108294511
90457158
44953397
97077671
99737906
91734240
92212310
46121834
109739607
90116795
92334651
91272993
93445809
91958189
109548586
43085680
93861161
44854340
97358315
91767255
90975188
108100204
90740691
92190993
91414760
95253811
94594147
90175466
90998073
92062177
94044116
106243404
106130013
43114835
90444632
94621056
91793396
105395586
92739494
101298512
90658834
46422530
92169835
91722806
109725831
44767970
106480918
42178504
94761309
92289637
99545700
44898667
97292853
45825000
95374233
91478674
100325917
90235211
91346921
91993645
43209877
101827133
90776782
110007162
114686502
44753969
90689004
44957369
91241774
91714162
90247890
92181500
91320575
45329992
44864269
91960368
92031145
90531216
97209737
91151017
92610010
91841936
45912856
113799121
94011430
90984417
44583028
103702824
93870901
97285556
91143256
97943909
93206755
43982058
109548179
96746512
90739377
95406328
108778104
103286244
93791429
90116694
46248867
44088209
94160123
96580112
90954446
100022713
93011019
106975113
44373813
97367230
93457528
90971720
91730589
90103418
101724633
46137566
91214140
91762428
45448821
97579752
106645703
45817513
44652585
45901841
46035937
90931340
95443393
100181608
43183584
114586334
108429526
45324050
106312041
106411485
45846888
44691241
99827202
44883693
91450733
91141715
90913634
42860555
100184230
95272512
90651424
99102576
115197932
91611986
92508234
90563287
91641549
42886810
105877941
92492562
101903914
92232478
93406344
97310104
43508555
91321165
97062912
90606625
92047803
93112646
44787826
92187441
107187300
91902991
90470974
101056423
102711804
91034415
95794226
92092121
105329947
93779643
92688433
43274034
93050149
99320053
98020315
91478222
91798331
43102205
93631811
95430024
46341245
105188100
46032668
45820557
44779828
42890932
46114411
45920269
91167714
93433112
101370146
91811957
42148753
91494924
108097032
97129370
93677556
92573413
91245844
325712
91970214
90095990
46331999
99119604
44766800
42585055
97058085
90343578
45722113
46247976
90798211
97793418
95856446
42582959
101187023
107216541
45832350
43683131
99475738
44749955
105901692
90595441
105330358
105723632
91018985
44872503
42903042
91303790
44474427
106036410
101428322
91183892
90081506
46408748
91825643
46319796
44118807
90635527
98248307
90416501
95166423
90094909
90783903
45846219
94269111
90155956
44653836
101939114
91558966
105996017
90379374
98804111
92052126
99224840
46219906
98466603
95698009
91937356
118597607
90101580
96425914
92253302
92757826
106886409
96273871
92949335
93905761
96255226
46124064
90406039
107197893
109431101
99310375
43021094
92772811
94229779
45842606
43295355
91512326
99731625
97400604
44984021
91756614
101476750
90990022
92067330
46133241
92858006
91049524
97183751
90570233
93036268
91654151
100505625
107522811
45829065
91893603
92181531
46134350
106019710
111287705
90777517
91142494
90466064
96572511
92258390
90159068
105322730
90837435
44490884
105387932
96998926
114481635
104519118
45827943
91738791
92478392
91117282
44566735
46127767
92232507
99614591
91813784
92411557
91147568
92267498
96600206
91368249
98946137
99259505
94626604
91221534
98168424
90209136
106792104
91396393
44092612
103231404
98088710
93832195
92791310
43533188
102686856
90758447
101941340
96042108
94022583
45446882
100533463
94243311
90457278
44451603
43217596
105248544
46237657
100022205
97534543
96646545
109580429
44788408
104479043
107032420
108708175
42449723
100972098
44981448
92201550
97693787
92949133
106375253
100706865
90357316
97057822
110202643
96115427
91239043
44851656
45737927
90924879
96174616
109823238
44896472
101082727
90103947
97186305
93362034
104721415
97281397
92251374
42898654
108111438
44462826
91219420
91900850
43016061
44770009
46304227
90153142
43169310
94850421
44982733
45013931
45524750
91212917
40849299
90293837
95032723
99769904
97872308
92068148
44468815
46031572
109584908
90497776
104301306
97681556
103841422
96418392
109584523
95418253
108785315
42856972
105738534
94672720
91140924
90869752
101309115
109202234
91644782
44653609
90075032
44870245
90981532
44970170
91680332
92167249
43214423
90460577
101512559
43217794
44432829
46332669
101147436
92356188
46336366
99321253
90660806
91264092
103838540
91306502
90258443
92330836
99404131
43254286
99228289
91120717
92775166
43097174
42840757
92335583
98023521
92030921
105509646
90406737
90358637
93268541
90343464
44955865
97123501
91552027
109584020
91227642
90996603
90054748
110690649
100321742
93247692
92675704
99318956
91925043
92398627
92957131
45109331
92677823
91105392
43076800
95848035
104534740
106746918
95699221
91186881
100935628
92438821
111131530
105041812
90088000
46027276
112492707
91861408
92649856
93592753
91435700
92881722
103721522
44682882
105114947
92697715
98560210
44680738
94305201
96874280
42853616
101046513
94620258
46016110
94130894
91970342
43707491
92016941
103886524
95108588
95359442
114692916
109581920
93179867
92401212
44979889
43409577
99069003
92576121
92923820
91152121
100592767
91367347
45948878
91388873
10624
96980230
44473243
95399608
90123806
44778408
44399672
106643507
42849990
98022072
99242561
44756580
44657169
92337501
90173605
90436140
92944138
93039643
97395477
46001112
92856925
108446603
97158212
98828196
98137809
105819832
43221532
43785810
94391168
97812566
109039508
100173949
93471352
90230290
92172312
93541529
93847411
44752581
45832924
91958204
95180201
109029844
91413727
95746234
98715324
90219328
90539524
46003466
94196956
97175027
96985131
110776827
104305961
100149104
115281803
92856535
44562173
45942025
111698309
92303108
43269715
103412031
91665148
95121322
114578525
97177818
99740595
91088585
90336009
92552798
112581870
95907714
45936856
96550558
96269301
45242926
98390638
44953618
100588571
46209421
109378075
44863750
98448402
91724042
90662435
91581509
44661735
110043768
91505904
92417357
111193934
44399066
44008304
91557852
419395
119797501
17027028
132191625
41466582
45708621
42845164
96780949
92721942
42920749
46325053
45846718
100276200
45344842
92100414
94593310
45818363
91597023
43129443
44879176
101430422
90109217
45815712
40541273
95638805
100877517
42663801
128886322
99320284
43274750
40185964
100179128
93671348
91034642
136080799
111334328
40848119
92732278
134178388
91464504
90432744
18989452
45933525
41354242
101846129
43181054
90183603
45522752
40276450
96022637
41415770
96057915
16624060
42883885
18669905
90748856
44470410
109605303
41447878
90103302
125590344
90140851
91018106
92066764
91305966
117197635
43475707
41399141
42443429
46416736
16229922
97841541
45728726
100126524
45828067
41569268
91272380
110501201
97534359
119594801
108925111
43055917
13656946
44865320
44978055
43515271
46237999
93609820
134945021
92045161
129090321
99699309
90132535
15130242
90235018
91564446
41446745
126034659
90567657
134779637
40090959
123421317
42987664
121215546
40589147
142421821
18960208
45416307
126040221
111403336
43414952
91819743
18972246
92665609
16376937
836507
116816355
43191877
99713514
43268068
46027499
116609406
90398946
90176126
43968673
67172
45740925
43510189
43769568
42717939
41016160
135777914
46248425
40892712
90114403
19070534
91081304
41164894
44399769
43679998
3610836
116477003
45431585
133433252
43624331
45820547
91911170
46241217
110605342
46324109
119380929
44352160
118283242
120638739
96932938
105187203
40151071
96135209
40080113
42717211
45410128
120419923
94047114
127793003
45038139
41509911
107542402
108410246
93963665
45848476
14847422
115517104
92214323
143780600
132927913
92848786
110039015
42213381
129989510
91416504
91167612
42802193
125816648
44619363
41022129
45735383
44290211
45716375
7483342
117840704
44556913
41239073
138929107
15471744
90316227
111525433
93875595
111575214
92197212
90645240
46014345
95937117
90165532
96863924
45329035
90774465
93716416
95412336
94385687
90528811
44291233
91866623
42933289
97311104
106494420
92028666
91521813
100909991
91528529
109543565
101829539
46345871
98739181
92042768
44490456
44979057
43298435
111649031
101604506
96590226
94383619
91011867
43196110
90595832
46001767
91279203
104843229
45346763
42889338
91640972
91380508
105376815
92927051
46038648
97761638
92304281
90982090
109107908
105931039
95974644
91465126
92425393
91515648
91309757
91221254
97284785
99181329
90790320
112675022
96515744
102018100
44757967
103144007
97176115
108642907
99547058
43385713
46111506
91537185
96255818
91829227
44895218
92246430
106411988
46409569
98717532
91594701
92156840
90103079
92104198
92238389
44394569
91061160
91021320
98350829
99061053
101379726
92749844
90406853
43747671
94592226
92847324
97497935
45816936
113782553
107013212
99201209
95562350
91826214
46342083
43422001
107048431
92346132
44463505
93454081
96955514
103244199
94665884
45209729
44476772
90739272
91493583
101256955
91728145
92000113
90958471
90618828
103720415
46027611
96874824
91019106
108705309
41160629
90744512
43139317
101081321
43116790
40985374
90156561
44779709
93510837
91477018
45523356
44896914
91710877
101444535
103189679
108091223
99961940
102835112
104241415
43410988
97175755
94033337
97225545
91791406
98143014
96763036
90988985
43968740
92889599
100464037
98963635
99442505
93356638
44399601
93003678
109317265
90066760
91368909
44689307
91141391
107213646
100174757
94382915
90658649
92210097
92332559
41174963
44193071
43011914
44972804
44582236
114681649
45121887
100561743
44855339
44957399
46213700
91318263
109408326
91520341
91575850
45927626
100571412
44861886
95786577
100203558
99985215
45831781
90084959
100201524
90558764
95322456
91089284
45242102
92427116
90607789
44758307
111702261
91364144
46304894
92721228
43868387
42719816
98208119
91997393
91142757
107029046
91224258
108707466
44872658
90527628
93322641
46235944
91349556
104298232
90868822
98714131
92958260
90075367
115393118
115193612
46245751
95940850
94972222
91362261
108096333
92857154
98149117
43902297
90323261
95703446
95228124
44751819
43646023
98628134
93871339
91818742
46136058
101431409
91606951
116584715
46012669
105683646
45906209
99744005
97920532
46041943
42594313
90102692
44863494
90468318
90479485
110324700
92261029
91391597
96238420
91480879
91364758
43126179
93650947
45410892
91737364
104585304
96012807
109018852
97845555
109835711
91724404
97097700
91051984
43809695
46029081
92210740
105378380
91943419
91597305
90509670
92076642
91041875
91969804
110338643
90066286
94599137
96425612
99078757
91053003
46205616
90618917
99028284
98979764
90798317
110582846
46407357
91057734
92670412
44475873
94523618
99660181
90577275
90370135
109448208
97147929
46333195
105187834
46221475
96388001
90524036
94821858
104240767
46122141
95142849
90089150
91536142
101037003
92428434
46341920
44366591
101846763
99238956
94206511
91766967
111233327
90460600
42973607
103802791
98630209
91963819
94772700
90932603
45833218
90103988
90494064
43472772
95126308
110691717
91166857
110045064
43867785
96344657
105913441
92060316
102431606
92168766
46135539
99446532
91843235
108625432
91868944
98628010
104408666
90496016
45911566
91828982
91953463
90738822
90723453
107281600
104294714
45844054
90957675
90354877
92936241
105514822
44092165
90430018
108590118
110591210
91417266
108906515
18389233
44889773
92753929
93462966
90275873
95034694
90543500
90558073
111302036
97186507
46336031
46341194
43855837
91736522
93207549
100927212
43196111
91511026
91746988
109827962
95448050
91229906
92933393
96495114
92875821
46423328
102126656
92175242
43536732
90905817
109902327
96203605
111098302
46210823
44698187
92051374
44483793
98576827
93123811
98664746
90643579
93620936
98611573
90911426
112596927
90125391
91727424
112986361
44684427
93583028
93700712
100046222
93609150
100522447
46423622
44035103
105797909
98203234
93708244
113194039
104807190
93417231
98269640
46129289
94212524
109600395
44899683
108049021
97755926
96125509
42856750
91873421
46334118
110178113
46423120
94552801
90956772
97099299
46323058
103106528
91900120
44756122
107834447
99107420
90401141
44314725
90443703
46118189
91193146
44777676
98717028
101044915
90365872
45012923
91848178
44886977
45936873
93432422
103620708
92106508
93108204
100666044
90906948
92258768
44084739
92014130
90447827
100652756
95881025
98315675
92266165
93246161
44651570
99321648
91815614
42845809
43137251
45941836
109287221
92757570
100419506
44975880
111682903
96766720
91175243
99386294
91768948
92156863
90611457
46311926
105415625
93115351
92018515
90341419
92940512
109842147
96483813
43143027
43209768
44869866
91620654
45939281
45847311
92077128
46320998
91746686
107176177
46417590
105325358
104229111
99406221
105427426
45309019
92797437
45238869
94137714
99443127
100420519
91738346
96330819
44774238
91975142
95034759
100330941
90513434
99026441
95033633
92061481
96797331
90397395
97196461
111977000
91017546
93117148
42887550
97917223
91687129
106896462
108882703
102128787
91426310
105714336
91388748
44651766
42843167
104217577
46009850
45818548
96873596
93490201
44557307
99682973
107394020
43957733
100922015
90779063
104086603
91972477
97717097
44469746
99609751
91812564
118191326
91345872
46211830
128885600
91113811
92335684
90724811
91004954
91545513
98265758
102547208
114488107
90560926
46145000
91298534
46134484
95108750
98020728
111399841
99825785
92925014
90907436
94124464
94192137
99681930
92427789
44394405
46202375
97925024
46202119
97510738
108383104
90493720
92153529
92798609
99501749
99766430
95793319
93125333
99896828
44575586
92206600
100909282
90179332
91254799
44685135
90472700
100577419
44660233
110787605
95212623
46132716
44496645
46002699
95456925
103584354
93657516
101475255
95111714
99510743
91816719
92856918
96950031
93406315
92884844
96043056
90565722
43193076
91349730
93187025
103027209
44891408
46407494
99853605
45902214
105230604
44692746
96954230
93609936
91820862
90740347
45828237
91457133
97681254
92425206
93272924
111899613
44583620
101125518
93707954
96884307
105326557
46233810
91109553
108990820
101436189
42224185
96257688
45941614
105020421
93984945
104136209
44778572
93822597
92117548
45940447
44853615
95397900
93880663
90061127
90489740
91326704
90503110
99961804
104780019
43333308
92317491
99718802
95126419
90296117
43057161
91831993
90146903
118799035
46310192
109007983
91945003
91189079
96187711
40238975
90170122
97792301
93380506
99706014
90413433
46341379
92721284
96173218
93537216
91891315
90281222
112496977
100762101
95474644
91503321
114481911
46421651
93995527
115382824
46135439
90454361
97203503
97360335
44562978
91521841
45827509
97135567
91055631
94858104
91333187
101125123
90131222
91731151
43772145
90695562
91057256
46318994
100539632
92744541
96781439
113786718
91230146
44650360
44773750
44655801
95927009
90052882
94382606
90838605
91303366
99209750
90932232
99403808
92647254
90399554
107436500
44975796
93149291
109549163
44378024
95165021
91242008
91969693
93755050
91737746
90367425
43781711
46035741
90455516
45829884
93398580
106686551
100717240
91012917
91061157
45939591
44870767
46342954
90656427
108308900
91096179
95332004
91315959
41474657
104090732
97323254
92854988
90406043
114194966
44779612
90921275
90172836
46309061
102048824
90118129
97657090
90457312
46146518
100178035
90348511
94038103
90953991
43068106
44485087
104908706
92216711
90546515
90189520
107093534
105817624
96608529
46247215
91278500
96772629
106235307
44978886
90743499
109817179
90053681
46406687
93725233
108606521
99950937
91890899
46120347
45800228
43716832
102613131
91968193
93201731
96111771
93357557
91512710
95124409
43534616
97710782
109448020
44554338
44972358
109828228
95462754
104778714
46416859
45941121
114199018
91673715
46111168
46033372
90772513
97738804
91038988
104908700
91110349
91611784
105730452
90771999
46211849
110703080
46211503
90599355
91041557
100072414
92787644
111480700
105391108
92645850
96308078
97098850
103543219
44787409
108526912
101607300
101442725
46118709
46407678
92061707
93506238
93012328
43100993
101262019
96232850
98704608
91269582
92770868
91217230
103591915
107185218
113983307
44652477
92206603
90317706
90136492
90971516
46348142
90429204
91148410
91409380
94961232
46409254
111686310
92109705
97936239
103003476
91088884
42972270
90789759
93046234
92265957
94664677
91612149
92477627
92223265
94558502
95526932
45426492
45905111
92336489
104617533
44581982
92169879
44960843
93511025
105377475
95700606
90127310
90480786
118282547
42661182
90603979
97127618
91391419
44442308
110247894
90743509
92787564
46303949
106391511
91271082
44870799
90710912
115282821
110494321
42845412
45819969
103800903
44073187
92452626
44455088
91217559
100538552
91679614
90512092
104219209
91323779
95355710
44767149
91137354
90271134
91654040
101333704
108975605
90268460
90697182
97499251
44466814
44898976
46320709
92155387
99445671
90549903
101720208
93192416
44972410
97729626
91520218
92697710
45919179
109549735
91738657
44467407
99324821
93541313
90481445
46122406
46247123
44285782
99719447
97754514
99958307
45842227
92064264
92304085
104908806
101344810
90653763
113775700
42850364
45317398
90052941
100667913
43440261
91640559
46148431
105322105
97347857
44553385
90929866
90833552
94343603
46101312
121294130
100043600
100272524
42081615
96593156
893538
120413519
108196515
46012697
44300085
1
42448516
128680102
44498829
46407919
104534308
44853547
45315293
43527553
43805222
91414338
90291773
129830538
110136012
15547941
46146376
46139853
18694978
91079818
44870141
43508207
18137829
42798594
42078977
223050
94499218
19386369
43386735
43063563
18362344
95341009
45209658
43534488
123939053
46133029
43720735
43018153
90145915
90126979
18556813
91322756
19005467
40679645
111432445
95197802
41481446
90437020
947211
133735940
117121102
41045575
43310662
40445486
128243865
19039907
101432111
93455452
91971696
2323504
45815555
108843823
45316191
102231419
107278134
91812936
143893708
106925304
45037006
91960523
91801931
43974730
90656765
45846411
130647811
113645616
99176979
90368118
91998175
105391572
97294396
44612553
43019106
40429670
96698541
44755923
96629604
110692594
44979860
18974964
91311784
46247997
43328826
41173094
41208483
90219844
116143559
46123982
91343240
18653707
127775403
96873827
91626747
92152224
40042249
98124131
111120734
43294323
90218130
43063965
137276501
113815477
131279726
44491139
1798709
92924621
19026979
96797200
45137867
91447991
44556457
18843102
92040787
91791278
46422838
41514170
19256842
18657565
109193325
93075027
45329071
18960346
94120117
93461476
139513442
1
44733916
40683932
103328512
130679751
91225636
40593020
44366585
41591449
22872
100164046
137076807
93074781
93051839
18199847
128283826
41288751
97296700
117020735
91050568
40583513
46015757
15521714
124723956
90343237
125692914
46232135
45913161
112603555
42931770
45504163
45640601
42285945
40559019
100289104
45844553
45211281
90875943
91178233
18424969
45939063
42541862
116106404
850421
45332875
41455433
91869170
40125472
42945610
94103426
41222356
92751121
111119564
43179797
90921311
108927515
90391101
102122844
44888428
96235348
90795121
97290923
92191258
91925461
46015935
94694439
41578322
108113112
93370632
94385803
97718493
90102278
13387617
93003706
90976073
44429261
42843261
93851903
95659152
97821347
90365451
44681177
90364037
108803109
90865615
93772542
95403083
112985453
44075867
91511188
100134257
92253448
96694401
109303304
90563495
90786884
92046333
90413434
100577281
42844352
101732706
106513328
46201578
107197291
90914457
100908091
44194789
91879324
111096017
92164198
90785765
43723861
109534959
90187633
90074485
44354515
107804800
45829940
91605527
100538703
109037560
98463236
44582552
92958410
96395145
90600219
92010027
91227368
99388123
46246321
40005572
92963041
43829034
93876068
91316420
91856036
100904158
90317707
40445060
94538412
92992020
92648305
92166638
44473647
93274950
101234609
90123803
97905207
42631111
44757479
92226028
46225137
90753553
96645935
90146058
91813463
91227806
91874111
93461184
44118346
99511405
97756322
99491515
106749816
107387412
96796552
99242539
45712155
95462375
93371660
42839879
91982671
43210334
101747800
92345299
109320043
91597768
99491605
90566599
93437133
91258862
95660350
95101334
107014649
91143309
90612040
109636960
43903182
96981552
46313357
90811563
44682912
46333198
45818790
43071257
98233057
43769161
44483076
92958356
46324110
93406107
106795230
95866117
93527361
92992338
43298985
46041947
46235260
98330259
46135626
110690277
91802914
91321642
110005886
90406015
105389791
90169259
46334368
91179491
101347105
92171873
92837060
46232242
92167635
44376864
46414486
90920319
99001945
46032630
95251207
106327307
92304920
106598001
96430995
105003963
46225227
107487505
96863529
94385733
99416107
93644607
93037100
94229160
45831117
91188811
44350529
91711044
90528922
99880304
115482321
116985269
93276314
98633321
45413615
91525856
91925804
108779931
45937146
108741802
101906911
92183567
91776711
92404762
96396707
91659565
44889350
91022101
93774461
92042406
92956326
107340203
100042785
97415831
99724905
106645042
93124335
116389840
92031421
44589268
46036008
98451351
91738399
103497424
101936797
90983028
99953526
103122378
94009972
44603794
95805454
42859061
91319925
96795530
94241608
93028157
108130720
95667403
93774830
95799868
96995597
91842033
94386429
43976201
44703381
92060618
99012605
102746004
91871588
95432365
98334708
92111210
109431227
93709808
46133713
99420617
45940179
42840672
97944055
93407609
46036707
96257119
91046758
90567383
43953233
92944830
101430303
42370952
91834459
44489921
44527869
106205108
91843127
46418426
91732848
91050125
45929703
43864829
95073106
45711274
92041872
92060962
95414455
43193728
101186076
42840182
44754630
106296200
93852038
92046078
106693705
92859121
91734263
90836547
45845344
90365878
106491902
103916149
91610748
97697304
91824561
95934911
46326515
92319365
95124311
91900865
90362798
44562306
110988708
99039889
92270273
93967812
43076940
92070720
92170726
97684931
46136304
91043482
43111774
42846215
90065561
46321589
90367497
90492458
93277838
92285195
94718402
45449373
102229437
100570103
43415865
46412768
45926218
99351762
92120510
113498718
90873197
44470715
90791261
45036500
100126324
94576185
90441939
42842453
46114355
46135636
98248733
44476122
90115121
108608441
109578507
93373403
116095809
93012425
44974021
96763434
42899714
91299593
96544253
98883353
90524489
96937081
46138736
97175959
97717318
104476607
93588821
91076584
108779406
91629962
93308227
94502907
92234827
93923282
101822647
92034752
90510851
44876067
90502794
90512064
91167628
91526496
44468984
105344525
97554531
90917686
94761912
108897714
111481914
44691741
44477254
91432076
45906310
97846384
99700309
93260082
93638172
95994507
90078384
108192510
98463334
105931427
100347926
91679309
101186211
100973201
45900249
92189783
46417348
99419481
44864030
106502760
91375285
91747844
96529525
44857383
92266746
98281421
107449054
92644838
90605722
108315817
90628772
94884600
97584146
98918215
46114121
46330387
93167312
92090704
44870880
107722525
42888631
111196901
109808110
90774103
92964809
44574307
95683902
110089601
90221890
97743211
96113952
92293818
103427009
92330899
108428731
105375051
108940102
109939046
45818034
90600205
90727615
45213242
92063742
46409604
91392565
103691807
91000534
98970311
90617269
111590554
101305416
91770543
91512427
91166663
92321136
115199658
91307079
42845349
90101051
94872030
90986146
91648361
99366606
91151718
45922900
90727403
44898296
92270673
43361812
90534003
94020487
110804061
92199728
46136837
99051633
95325444
100224709
95365130
95686505
96387369
91351489
93702932
95166644
91422000
45441485
91276654
95062183
93454547
91474317
91752476
91106360
97288357
109597028
99961779
45318412
100153130
90948317
90131167
43592003
94872217
45617903
90124484
44981190
91928771
90933086
97165908
106686906
92345562
46407828
96657329
93847744
90171793
46129792
104214702
107794910
95826000
96696321
92049926
95931660
91580285
101589793
93032153
90562988
46339073
92726636
90387651
105733625
97185862
97532961
46117898
96039541
96380505
91499202
98479928
93748923
94443511
90087589
44009612
100222202
90104131
90673937
111399850
90914366
44875663
91010520
100454547
109809261
99858928
44658171
90496606
94970117
95759457
96700343
97067012
44897496
99212762
96596308
91050944
96247112
94602573
42850437
44971025
46034256
93512949
90428810
44754372
105344151
44650578
91409936
93637370
91215513
99964428
44897669
90838446
90405406
44801297
92086809
91996922
91186893
92213228
91831990
44550451
44476478
90067378
97133680
91661357
91230744
113079833
45824152
104535500
91059133
94944804
92661730
101504251
92391986
100828121
98237844
92199934
110227613
45014808
91057875
92726129
101676613
92924835
98677434
98785210
100427243
111292906
46343951
90365192
104445019
95036722
96425525
46332492
93454433
116184273
92708135
95461534
100047015
99028949
46124074
100105853
92204001
91020447
92606532
98629239
15313203
46014072
110493023
44952660
92058774
91401822
44583781
105324257
44383003
100343714
96867444
90660498
91895109
44982111
106793420
90200342
90125445
46408206
93508130
91954975
92175107
94670612
98769520
105908313
101202722
99124311
112278100
96256962
43955967
95597909
114091423
91559899
96668925
104777218
93716128
91398009
91522651
91243968
108598718
42095215
91523475
42851432
46311860
103077512
113692510
44242823
44960562
91717231
100909267
92524000
98603776
90406592
100000401
94373331
99366117
46325930
96493107
42642626
93979415
98939837
93461799
44563074
43135655
108928004
92062275
101675347
96012700
90572867
90403695
45231828
96410403
96113993
100009869
93665515
44886602
91223854
91413943
43969652
94311042
92266233
100853920
45926728
112489115
92478990
45916759
45734564
93372036
104742530
98431582
92231287
101365012
91193240
90507615
93373030
92237588
102396109
44976308
44873972
95451621
110690681
102831193
104007478
46122312
98950210
93468938
44681770
44694413
92400345
44861713
95547242
92213863
97718383
112594276
108315518
103423755
44217123
96237350
43202000
93200296
43382297
100426887
110722935
91309015
99902407
91463765
90364039
91211594
101231491
91015895
45929938
44646247
96414404
96005116
97184678
112578661
44889401
97724349
91172074
44979533
100246380
94842753
104295001
46346584
93122886
93502039
45819938
91056511
46200908
98585124
91011723
96235239
90579528
98310240
91705795
90344197
96943107
90128311
99397764
44877957
45134332
91593634
98109816
90654817
44560260
100533964
92428437
93908007
90777409
91924230
107888979
44573046
91911394
44766709
42862970
91641898
94357619
44561822
98134150
96922119
92224082
93779004
104087537
94242404
100764713
104319014
91628507
45042057
91240101
103319867
90525537
40690131
90352035
97560422
95524809
95709021
109836359
46343444
46127433
44469069
112984306
92348271
44869928
92648014
96172128
90276411
102685457
90176502
91643261
45208955
92678201
92333872
108783708
95867015
91001353
92236907
102699011
90411729
91240927
106446926
90617257
106748421
92067988
91739759
45405806
43677713
91962812
106147518
96387207
109007326
96595074
44608294
108142400
91225865
92187262
90349326
92924445
44576276
109824376
44576611
90712149
98614759
93799020
96404708
90767503
46125109
46333696
106513245
103337261
90398164
91017172
90535610
99120465
90920866
90367263
44753131
98910042
92195452
44473886
91388761
44862224
44574087
92855663
93408631
95369507
101933071
44880791
43529377
91272354
46122370
100523626
97813723
44461784
91305116
91263532
109038524
93290200
42843549
94568407
90531355
90775916
99387939
91058115
46028855
118377012
91269975
97181805
93610088
96700054
45901644
92570126
92647459
97842271
97882851
96589548
93074789
98967096
91218180
90305723
43679153
91351617
92234108
46113107
93354767
93678700
91343068
90106412
94030289
44955323
97496840
97203133
92855504
90529413
91558406
91414000
91341890
95355247
105038613
91496655
90104110
100883919
45915718
18748101
91457037
90065643
91292103
98324272
90707762
91361506
99948690
103738157
108801042
94327624
45139732
102211412
91098993
97692102
91566607
42305835
90613265
109580436
99063205
95148229
100923235
92318289
92479401
95352633
103695024
44887097
105318783
90725829
94229559
104676383
44840739
90702687
90452362
103505114
98630610
44882348
106684832
91521313
104315023
46409225
92419289
90600204
91960107
45916706
44296353
109944255
110177414
95181205
91157119
91525951
97342102
43854092
107786445
104276048
92586511
91527365
45818299
100023255
100463998
90102838
90267260
90354133
92303957
103697615
109592007
108184929
113599128
99653358
98987039
90141281
91913539
90053512
108787602
44756698
46345556
107819127
91175308
98452064
101711210
44374234
90480583
46040930
90318978
103390437
97325713
45605193
90073110
90401562
43783465
90291842
97343080
92188724
106288946
91037932
106749153
91679365
108281004
90314923
95062923
93126411
46014767
107838755
93307907
92098642
109291035
107724122
93077338
96386570
98014278
42869143
96331216
92292374
97845135
46130214
95353056
44492006
91173389
45819577
46219087
91275186
90271764
44560539
95109091
96230381
90875393
90634344
99079960
91227120
44553578
46136127
109478833
98137146
105003541
91919752
90644920
109320513
44578566
95157457
99641481
44085227
97814025
93371009
43708614
90871727
46409574
90600207
91594618
107615700
91018312
92772922
102732633
95006428
45504207
91660869
92991811
99659073
101623210
91356064
91748655
109410254
101706432
44558190
45730332
92753858
46002737
91717137
97096879
46015858
91020910
101997404
110416321
99950631
44647934
91090679
99268880
93753745
44476270
108294833
93914159
46000240
93396722
108924409
95572747
44863900
99081130
90208325
98005296
107780627
91951569
103838563
90932441
92158408
91466016
44787880
97886229
43195816
97201909
92210629
102101916
44483075
44655307
92556828
99497705
98618902
44076035
96238707
107836516
91448526
98331470
105375657
94801640
46118646
45841915
110038834
95762916
46007034
46015239
96369593
92058754
99445007
45204889
91021971
90242028
100935507
109496138
100045506
92411381
91504496
101827823
43790930
113220534
97070807
91023203
46000089
91663903
92486025
92268534
92316222
90155734
43523505
95267568
91557066
43292790
96220479
104719140
91656093
95863277
91890797
90523985
92111925
42873375
96238702
90412789
46145699
115396149
90637302
94138857
91095651
116780854
91768144
92216416
107320428
99604092
97912625
95685513
46118544
46044414
90755057
91970218
104183558
99956481
44877545
46225103
96220971
92016381
97681364
91584032
91616876
92163454
91505354
91956777
44370580
90650569
44982551
92225153
108622608
90276090
91908061
90120803
98211804
90914198
46337913
92941148
102386130
91981651
117097016
43033669
95649514
90414226
90240225
98674736
104777441
95337908
44560038
90724054
93050471
46015115
46234120
95879495
92669681
92156942
45815652
121445913
91737551
90599250
91270170
91096796
44382002
105818003
105030344
92692335
98467426
90746479
91550472
91746016
91671049
92416815
90316556
44455927
95878502
92066799
101939113
90475781
93671746
90724456
45714901
99717829
105028627
91018897
91877477
90342957
101400613
46334558
44894895
90766695
44686249
44588252
43180124
44482518
90054756
92107840
90584215
46027273
91016201
112893103
92674814
94133063
98415507
93454680
105376105
90509395
92565608
44969216
93040524
91473627
44486987
90415398
44475655
91527752
45831154
109320011
95911708
43078144
90192139
90132754
44474044
43411091
97588048
92031523
42852253
42854212
92254902
99730880
91583566
109407738
46137901
91825386
90500040
90691647
44974041
90794606
95647475
44856536
43527396
18338766
90059806
92181319
94867430
44665307
93893104
42106016
90230046
94021288
96502105
91594613
91521439
98945227
114799637
96296148
97720754
93631628
46337075
104843421
91223956
94541521
93415684
91320379
44857562
109601041
90096247
43873213
92188599
90504639
98524442
91555376
43037665
95618410
91843716
44956449
90205361
104843022
46249822
44958861
93630932
100577476
105294205
95386701
44889758
107086621
92740810
42842359
100004528
109475232
93207756
45034140
100419107
117286147
90353928
92359077
106037017
92093212
97191151
92173106
46333466
98023536
108188544
91533259
44750828
106786322
92156708
105299493
91036097
46419000
44368841
109117956
101439428
93589211
92032525
91760850
105292163
96832424
92315246
44874927
90483120
92720812
43425012
97276497
99505364
97099153
97182530
46000370
93709721
99380779
96235593
104818000
46411429
108411803
100854720
97331797
104242847
109531788
98776765
100599497
94737724
44957616
99441294
44689335
46330282
46035933
109990738
96501807
44578712
116299741
91241043
105801211
94300854
46138543
44978284
44873409
91737457
44579733
44951600
90905662
97343308
94022868
99258420
46133153
115380723
46029615
93164166
98972132
92076821
46407433
91137946
93917404
101075722
93744119
46334520
90527973
46323503
46011310
44195270
91196725
91125757
98013252
93819232
91143623
99052945
91220337
95156523
92941553
107638219
46312717
99948571
91640915
92065357
92661544
96040403
91851178
91923286
95909401
91344009
46013988
96622608
46407637
42886948
43620179
91493564
100999714
94553820
46238482
93255241
46129444
90545731
93979962
97099270
92964154
92735650
91739250
97285591
46121882
90243852
46311076
91232868
44957306
99490235
97647177
90514185
44579496
46342991
97298986
107593010
90174220
111977611
95457511
91732785
44475324
97035334
46220063
97981516
92224354
92214927
44462626
43214572
46122436
91715756
94216847
43187100
111776518
92905321
96589517
90891575
97930050
92218120
43072053
91058682
101593067
92780912
109305990
109832862
99129516
91590413
92189043
90123805
44581916
98332101
99967895
100059021
96204443
42977759
95231210
94267641
92958635
42852230
109549397
92213993
93207588
44468930
98730351
105426080
45609370
90102119
44872459
99422478
43894958
45919427
45925242
93968038
109311989
98270433
93061757
44352007
91802962
92210116
96171515
99849951
103339504
102124160
97914648
46240423
90535959
96793516
108988717
93309503
91593068
92988437
102148757
45339075
91173477
92269370
43531507
96684539
91532897
91062414
44486067
104192624
92183948
44685911
95799606
101929460
103748728
91742327
96729204
43283801
90641394
46032098
43032139
90864735
97099437
107083081
95143314
90911623
90088365
99127816
95752478
101276800
98236954
109019014
40419683
91060912
91012121
44064831
43017911
44786284
44499345
91481704
106023604
90837054
95001332
106490802
92335849
44196136
43906828
90989916
90743481
109475506
91017914
44684254
98455512
95229033
101492251
93003688
107888706
91015976
114199417
107179003
91011964
90460377
91113634
45938618
92170566
93506813
44884342
91602300
91647307
92306523
102190420
105647945
91922290
90754865
91642602
91167270
91027926
93461822
91745323
95219986
92318854
98756110
91362761
100726119
101001602
102128334
43969051
46130377
91003683
99159715
92508760
117581304
95062926
90877086
91515497
92845418
99441399
46325637
92114274
94243510
91286772
99878009
100732929
97765724
44562229
99099498
97345736
105535303
99683152
90059658
92169831
100909275
102831110
100641024
45140704
111992046
44551842
93972534
44655446
92758559
105600603
108909238
100275697
93342717
99865520
44559285
100619103
91929150
92724531
113997800
46221188
104298034
90427580
92210607
98910831
91477328
105885605
101155420
103337678
109533270
97812479
90979505
96257466
44690268
108247661
91810734
98485860
96942518
96510020
90710589
95749508
110112520
46336293
100742585
44459623
44769821
92846218
90085061
101081200
90961789
100364304
92610226
44561615
109179609
43856907
90961880
97996220
91046048
44977487
91885717
94969441
103884317
90218384
92066168
92206565
95921707
44757491
102125853
91094393
90742771
92675753
105732852
91902199
91576503
45441272
101788811
90837746
97180535
96697453
44453523
93755864
90068032
93859855
45927322
46129241
93691925
99925464
44090154
42879700
93370430
97289160
93322791
98986485
90658283
96295076
90792011
18526311
44080484
44518639
46003922
93246830
91052412
99416904
100134121
101905080
99491309
90785521
91641839
92450636
90315762
43183949
91724565
44554164
98883637
99303837
95034430
107088628
91932793
92050969
103426326
44970789
95360894
46119816
101830618
109509018
90242435
46220870
91566193
98367603
42965010
91309493
90790881
108705279
91759641
93627216
94248202
91239836
97176790
46307031
44368273
90272424
91318148
43081613
46221197
91641395
97282294
95335325
92329974
90660871
108096231
97683823
98361216
105230947
91526943
46015549
99445703
44084299
43183387
44462703
45929227
97731254
92646512
90932716
94119119
91746922
105886360
92206738
94296388
97285114
106795807
96456603
100959814
98246418
91101380
90162005
109378704
44698665
45918340
100804144
90770316
90415629
91149838
93716415
92191710
108639019
98572383
44551614
99602843
95512476
44474015
90701457
96050439
95312408
42923426
90224405
97698520
90174934
46015638
107844402
95687704
92059958
44665052
91219249
104242844
92217041
91000751
105581808
95460437
104280113
99919357
102288729
43283802
92345625
91124533
45915882
97486528
90498798
90054862
92115504
91228483
90365528
45939567
44087355
97760511
92923539
91777599
92874530
95710977
99548892
93040020
108809322
43441557
95308847
114397223
46305672
96440005
99129515
105017050
45917195
91972913
91484650
98329746
93464209
46145427
43983776
92170727
90239826
98385932
90813069
44882098
92344526
44889100
44978315
104724124
99688103
41344796
101683941
44980154
46145507
99039104
95682826
91149689
103720312
99950746
45843603
92897928
97844107
90599262
90919725
105301229
90946124
98851065
91927103
90137223
104300018
45906220
91881402
96983914
98729450
102775564
93112293
91127500
46209615
95959262
91100354
103226752
90751789